1.8 2.012
1.8 1.998
1.9 1.984
1.9 1.970
1.9 1.957
1.9 1.943
1.9 1.929
2.0 1.916
2.0 1.889
2.0 1.875
2.0 1.862
2.1 1.849
2.1 1.835
2.1 1.822
2.1 1.809
2.1 1.783
2.2 1.770
2.2 1.757
2.2 1.744
2.2 1.731
2.3 1.718
2.3 1.718
2.3 1.590
2.3 1.578
2.3 1.566
2.4 1.554
2.4 1.541
2.4 1.529
2.4 1.517
2.4 1.517
2.5 1.494
2.5 1.482
2.5 1.470
2.5 1.458
2.6 1.447
2.6 1.435
2.6 1.423
2.6 1.412
2.6 1.400
2.7 1.377
2.7 1.366
2.7 1.355
2.7 1.343
2.7 1.343
2.8 1.332
2.8 1.321
2.8 1.310
2.8 1.299
2.8 1.288
2.8 1.277
2.9 1.266
2.9 1.266
2.9 1.244
2.9 1.233
2.9 1.233
3.0 1.222
3.0 1.211
3.0 1.201
3.0 1.190
3.0 1.179
3.0 1.169
3.1 1.158
3.1 1.148
3.1 1.137
3.1 1.127
3.1 1.127
3.2 1.117
3.2 1.106
3.2 1.096
3.2 1.086
3.2 1.076
3.2 1.065
3.3 1.055
3.3 1.045
3.3 1.035
3.3 1.025
3.3 1.025
3.4 1.015
3.4 1.005
3.4 0.995
3.4 0.986
3.4 0.976
3.4 0.976
3.5 0.870
3.5 0.861
3.5 0.851
3.5 0.842
3.5 0.833
3.6 0.824
3.6 0.814
3.6 0.805
3.6 0.796
3.7 0.787
3.7 0.778
3.7 0.769
3.7 0.751
3.7 0.742
3.8 0.734
3.8 0.725
3.8 0.716
3.8 0.707
3.9 0.699
3.9 0.690
3.9 0.681
3.9 0.673
3.9 0.664
4.0 0.656
4.0 0.647
4.0 0.639
4.0 0.630
4.0 0.622
4.0 0.614
4.1 0.605
4.1 0.597
4.1 0.597
4.1 0.581
4.1 0.581
4.2 0.572
4.2 0.564
4.2 0.556
4.2 0.548
4.2 0.540
4.2 0.532
4.3 0.524
4.3 0.516
4.3 0.508
4.3 0.500
4.3 0.492
4.4 0.484
4.4 0.477
4.4 0.469
4.4 0.461
4.4 0.453
4.5 0.453
4.5 0.446
4.5 0.438
4.5 0.431
4.5 0.423
4.6 0.415
4.6 0.408
4.6 0.400
4.6 0.393
4.6 0.385
4.6 0.378
4.7 0.371
4.7 0.371
4.7 0.363
4.7 0.356
4.7 0.349
4.8 0.341
4.8 0.334
4.8 0.327
4.8 0.320
4.8 0.313
4.8 0.304
4.9 0.295
4.9 0.286
4.9 0.278
4.9 0.271
4.9 0.263
5.0 0.256
5.0 0.249
5.0 0.242
5.0 0.235
5.0 0.228
5.1 0.228
5.1 0.224
5.1 0.221
5.1 0.219
5.1 0.217
5.1 0.216
5.2 0.215
5.2 0.213
5.2 0.212
5.2 0.211
5.2 0.210
5.3 0.210
5.3 0.209
5.3 0.207
5.3 0.206
5.3 0.205
5.3 0.204
5.4 0.203
5.4 0.201
5.4 0.200
5.4 0.199
5.4 0.198
5.5 0.198
5.5 0.197
5.5 0.196
5.5 0.195
5.5 0.194
5.5 0.192
5.6 0.191
5.6 0.190
5.6 0.189
5.6 0.188
5.6 0.187
5.7 0.187
5.7 0.186
5.7 0.185
5.7 0.184
5.7 0.183
5.7 0.182
5.8 0.181
5.8 0.180
5.8 0.179
5.8 0.178
5.8 0.177
5.9 0.176
5.9 0.176
5.9 0.175
5.9 0.174
5.9 0.173
5.9 0.172
6.0 0.171
6.0 0.170
6.0 0.169
6.0 0.168
6.0 0.167
6.1 0.166
6.1 0.165
6.1 0.164
6.1 0.163
6.1 0.162
6.2 0.161
6.2 0.161
6.2 0.160
6.2 0.159
6.2 0.158
6.3 0.157
6.3 0.157
6.3 0.156
6.3 0.155
6.3 0.154
6.3 0.153
6.4 0.153
6.4 0.152
6.4 0.151
6.4 0.150
6.4 0.150
6.4 0.149
6.5 0.148
6.5 0.147
6.5 0.147
6.5 0.146
6.5 0.145
6.5 0.144
6.6 0.144
6.6 0.143
6.6 0.143
6.6 0.142
6.6 0.141
6.7 0.140
6.7 0.140
6.7 0.139
6.7 0.138
6.7 0.137
6.7 0.137
6.8 0.136
6.8 0.136
6.8 0.135
6.8 0.134
6.8 0.133
6.8 0.133
6.9 0.132
6.9 0.132
6.9 0.131
6.9 0.130
6.9 0.130
6.9 0.129
7.0 0.128
7.0 0.128
7.0 0.127
7.0 0.127
7.0 0.126
7.0 0.125
7.1 0.124
7.1 0.124
7.1 0.124
7.1 0.123
7.1 0.122
7.1 0.122
7.2 0.121
7.2 0.120
7.2 0.120
7.2 0.120
7.2 0.119
7.3 0.118
7.3 0.117
7.3 0.117
7.3 0.116
7.3 0.115
7.3 0.115
7.4 0.115
7.4 0.114
7.4 0.114
7.4 0.113
7.4 0.112
7.4 0.112
7.5 0.111
7.5 0.111
7.5 0.110
7.5 0.110
7.5 0.109
7.5 0.108
7.6 0.108
7.6 0.107
7.6 0.107
7.6 0.107
7.6 0.106
7.6 0.105
7.7 0.105
7.7 0.104
7.7 0.104
7.7 0.103
7.7 0.103
7.8 0.102
7.8 0.102
7.8 0.101
7.8 0.101
7.8 0.100
7.8 0.099
7.9 0.099
7.9 0.099
7.9 0.098
7.9 0.098
7.9 0.097
7.9 0.097
8.0 0.096
8.0 0.096
8.0 0.096
8.0 0.095
8.0 0.094
8.0 0.094
8.1 0.093
8.1 0.093
8.1 0.092
8.1 0.092
8.1 0.092
8.2 0.091
8.2 0.091
8.2 0.090
8.2 0.090
8.2 0.089
8.2 0.089
8.3 0.088
8.3 0.088
8.3 0.087
8.3 0.087
8.3 0.086
8.4 0.086
8.4 0.086
8.4 0.085
8.4 0.085
8.4 0.084
8.4 0.084
8.5 0.084
8.5 0.083
8.5 0.083
8.5 0.082
8.5 0.082
8.5 0.081
8.6 0.081
8.6 0.080
8.6 0.080
8.6 0.080
8.6 0.079
8.7 0.079
8.7 0.079
8.7 0.078
8.7 0.078
8.7 0.077
8.7 0.077
8.8 0.076
8.8 0.076
8.8 0.076
8.8 0.076
8.8 0.075
8.9 0.075
8.9 0.074
8.9 0.074
8.9 0.073
8.9 0.073
8.9 0.073
9.0 0.072
9.0 0.072
9.0 0.072
9.0 0.071
9.0 0.071
9.1 0.070
9.1 0.070
9.1 0.070
9.1 0.069
9.1 0.069
9.1 0.068
9.2 0.068
9.2 0.068
9.2 0.068
9.2 0.067
9.2 0.067
9.2 0.067
9.3 0.066
9.3 0.066
9.3 0.066
9.3 0.065
9.3 0.065
9.3 0.065
9.4 0.064
9.4 0.064
9.4 0.064
9.4 0.064
9.4 0.063
9.5 0.063
9.5 0.062
9.5 0.062
9.5 0.062
9.5 0.062
9.5 0.061
9.6 0.061
9.6 0.061
9.6 0.060
9.6 0.060
9.6 0.060
9.6 0.059
9.7 0.059
9.7 0.059
9.7 0.059
9.7 0.058
9.7 0.058
9.7 0.058
9.8 0.057
9.8 0.057
9.8 0.057
9.8 0.057
9.8 0.056
9.8 0.056
9.9 0.056
9.9 0.055
9.9 0.055
9.9 0.055
9.9 0.055
10.0 0.054
10.0 0.054
10.0 0.054
10.0 0.053
10.0 0.053
10.0 0.053
10.1 0.053
10.1 0.053
10.1 0.052
10.1 0.052
10.1 0.052
10.1 0.051
10.2 0.051
10.2 0.051
10.2 0.050
10.2 0.050
10.2 0.050
10.3 0.049
10.3 0.049
10.3 0.048
10.3 0.048
10.3 0.047
10.4 0.047
10.4 0.047
10.4 0.046
10.4 0.045
10.4 0.045
10.4 0.044
10.5 0.044
10.5 0.043
10.5 0.043
10.5 0.043
10.5 0.042
10.6 0.042
10.6 0.041
10.6 0.041
10.6 0.041
10.6 0.040
10.6 0.040
10.7 0.039
10.7 0.039
10.7 0.039
10.7 0.038
10.7 0.038
10.7 0.037
10.8 0.037
10.8 0.037
10.8 0.036
10.8 0.036
10.8 0.036
10.9 0.035
10.9 0.035
10.9 0.034
10.9 0.034
10.9 0.034
10.9 0.033
11.0 0.033
11.0 0.033
11.0 0.033
11.0 0.032
11.0 0.032
11.0 0.031
11.1 0.031
11.1 0.031
11.1 0.031
11.1 0.030
11.1 0.030
11.1 0.030
11.2 0.029
11.2 0.029
11.2 0.029
11.2 0.028
11.2 0.028
11.3 0.028
11.3 0.028
11.3 0.027
11.3 0.027
11.3 0.027
11.3 0.026
11.4 0.026
11.4 0.026
11.4 0.026
11.4 0.026
11.4 0.025
11.4 0.025
11.5 0.025
11.5 0.024
11.5 0.024
11.5 0.024
11.5 0.024
11.5 0.024
11.6 0.023
11.6 0.023
11.6 0.023
11.6 0.017
11.6 0.013
11.7 0.013
11.7 0.012
11.7 0.012
11.7 0.012
11.7 0.012
11.7 0.012
11.8 0.012
11.8 0.012
11.8 0.012
11.8 0.012
11.8 0.011
11.9 0.011
11.9 0.011
11.9 0.011
11.9 0.011
11.9 0.011
12.0 0.011
12.0 0.011
12.0 0.010