0 0.039936
0.02 0.007987
0.3533334 0.000034
2.274775 3.025313
2.298865 3.007349
2.323998 2.971637
2.347728 2.953888
2.379625 2.936210
2.404364 2.901066
2.453028 2.866202
2.482719 2.831617
2.503253 2.814428
2.527357 2.797308
2.551102 2.780256
2.572993 2.780256
2.62838 2.537301
2.659588 2.521289
2.684143 2.489457
2.710514 2.473637
2.734195 2.457880
2.778526 2.426555
2.804924 2.395479
2.827748 2.380035
2.848261 2.364653
2.868824 2.349331
2.894592 2.334072
2.946716 2.288657
2.979407 2.273640
3.005498 2.243786
3.031113 2.228948
3.055871 2.214170
3.105591 2.170189
3.130249 2.155646
3.153339 2.141160
3.177569 2.126733
3.198163 2.112364
3.217321 2.098052
3.253775 2.069600
3.277118 2.069600
3.295387 1.809280
3.313966 1.796012
3.337441 1.782933
3.3598 1.769933
3.377682 1.756989
3.417208 1.731260
3.442177 1.705736
3.45959 1.705736
3.476257 1.693050
3.493657 1.680416
3.510994 1.667832
3.531858 1.655298
3.569495 1.630380
3.593833 1.617996
3.613041 1.605662
3.633268 1.593377
3.652745 1.581141
3.675718 1.568954
3.6939 1.556816
3.734031 1.532684
3.753778 1.520691
3.778805 1.508746
3.799147 1.496848
3.820435 1.473196
3.845061 1.461441
3.887812 1.438071
3.913414 1.426457
3.937429 1.414888
3.961031 1.391890
3.991307 1.380460
4.018924 1.369076
4.066581 1.335195
4.088295 1.323992
4.111159 1.312834
4.132416 1.301720
4.151255 1.301720
4.174466 1.244486
4.217413 1.222876
4.243784 1.201440
4.264904 1.190773
4.286071 1.180147
4.310058 1.169564
4.32924 1.159024
4.373357 1.138068
4.39529 1.127654
4.415426 1.117281
4.43558 1.106949
4.460121 1.086410
4.47756 1.086410
4.496015 1.086410
4.536619 0.913273
4.564059 0.894280
4.582121 0.884840
4.600874 0.875438
4.627234 0.866074
4.644183 0.856747
4.663024 0.847458
4.711112 0.828990
4.737914 0.819812
4.761865 0.801565
4.779696 0.801565
4.799896 0.792496
4.818635 0.783464
4.856308 0.765507
4.879548 0.756583
4.897377 0.747694
4.915907 0.738841
4.934016 0.730023
4.960301 0.712493
4.977197 0.712493
5.010307 0.695103
5.029675 0.686460
5.049009 0.677851
5.067665 0.669278
5.085675 0.660738
5.110272 0.652233
5.127609 0.643761
5.162949 0.626920
5.181063 0.618550
5.198598 0.618550
5.215933 0.610213
5.233849 0.601910
5.260965 0.585403
5.279938 0.585403
5.316348 0.569027
5.335093 0.560889
5.360567 0.544709
5.377399 0.544709
5.395815 0.536668
5.414191 0.528658
5.434103 0.520681
5.476872 0.504823
5.496594 0.496941
5.515644 0.489091
5.537621 0.481272
5.56074 0.465728
5.57942 0.465728
5.599557 0.458003
5.639654 0.442644
5.661041 0.427409
5.683848 0.419837
5.706059 0.412295
5.72702 0.404783
5.748018 0.397302
5.768506 0.389850
5.820709 0.367673
5.843125 0.360340
5.860238 0.353036
5.877624 0.353036
5.894291 0.345762
5.911348 0.338516
5.92886 0.331300
5.962394 0.316953
5.979262 0.316953
5.99617 0.307418
6.014042 0.297922
6.030709 0.288466
6.047376 0.279050
6.064095 0.269672
6.095017 0.260334
6.123555 0.243013
6.14464 0.235520
6.161307 0.229058
6.177974 0.229058
6.194643 0.224464
6.212055 0.221193
6.228723 0.218864
6.245505 0.217207
6.279706 0.215966
6.298012 0.214732
6.314696 0.213506
6.331853 0.212286
6.349291 0.211074
6.36619 0.209869
6.383333 0.208670
6.400412 0.207478
6.431545 0.206293
6.448213 0.205115
6.464894 0.203944
6.481546 0.202779
6.498224 0.202779
6.516079 0.201621
6.535347 0.200469
6.556435 0.199324
6.589539 0.197054
6.61157 0.195929
6.632892 0.194810
6.657406 0.193697
6.679527 0.192591
6.699842 0.191491
6.719204 0.190398
6.755362 0.188229
6.777158 0.187154
6.796882 0.186085
6.81653 0.185023
6.834488 0.183966
6.85303 0.182915
6.871705 0.181871
6.907196 0.179799
6.928913 0.178773
6.945585 0.177752
6.963248 0.176737
6.979915 0.176737
6.996582 0.175727
7.013924 0.174724
7.0328 0.173726
7.067111 0.171747
7.084244 0.170766
7.102361 0.169791
7.11941 0.169791
7.136077 0.168821
7.152744 0.167857
7.169612 0.166899
7.187919 0.165945
7.221069 0.164055
7.238257 0.164055
7.261551 0.162187
7.278809 0.162187
7.29564 0.161260
7.315407 0.160339
7.333675 0.159424
7.352255 0.158513
7.383349 0.156708
7.400754 0.155813
7.417649 0.155813
7.434317 0.154923
7.45184 0.154038
7.468956 0.153158
7.486816 0.152283
7.511188 0.151414
7.542341 0.149689
7.561434 0.148834
7.582053 0.147984
7.600661 0.147139
7.619327 0.147139
7.635993 0.146298
7.662682 0.144631
7.697673 0.143805
7.715271 0.142984
7.735862 0.142167
7.753157 0.141355
7.772714 0.140547
7.794519 0.139744
7.813972 0.138946
7.849015 0.137363
7.866907 0.136578
7.884222 0.135798
7.901377 0.135023
7.918249 0.135023
7.936327 0.134251
7.955026 0.133484
7.978605 0.132722
8.011172 0.131210
8.030223 0.130460
8.048089 0.129715
8.066413 0.128974
8.08308 0.128237
8.099969 0.128237
8.116783 0.127504
8.133935 0.126776
8.165512 0.125332
8.184199 0.124616
8.203123 0.123904
8.224822 0.123196
8.24544 0.122492
8.264345 0.121792
8.286349 0.121096
8.320348 0.119717
8.337804 0.119717
8.361842 0.118353
8.37872 0.118353
8.396057 0.117677
8.416203 0.117004
8.433673 0.116336
8.452287 0.115671
8.487136 0.114353
8.506929 0.113700
8.528191 0.113050
8.547387 0.112404
8.565808 0.111762
8.586248 0.111123
8.607588 0.110488
8.649357 0.109229
8.669559 0.108605
8.691751 0.107985
8.714229 0.107368
8.735129 0.106754
8.758062 0.106144
8.799369 0.104935
8.821202 0.103739
8.84561 0.103146
8.867581 0.102557
8.886424 0.101971
8.906095 0.101388
8.929538 0.100809
8.963491 0.099660
8.982796 0.099091
9.001967 0.098524
9.018634 0.098524
9.045362 0.097402
9.063417 0.096845
9.083184 0.096292
9.118999 0.095742
9.139162 0.095195
9.157939 0.094651
9.179038 0.094110
9.197585 0.093572
9.21631 0.093037
9.237123 0.092506
9.275128 0.091452
9.296475 0.090929
9.316229 0.090410
9.333713 0.089893
9.352752 0.089379
9.369761 0.088869
9.387247 0.088361
9.420135 0.087354
9.436801 0.087354
9.455256 0.086855
9.478588 0.086358
9.495977 0.085865
9.51265 0.085374
9.529543 0.084886
9.546426 0.084401
9.579301 0.083919
9.596358 0.083440
9.61321 0.082963
9.631042 0.082489
9.650889 0.082018
9.670468 0.081549
9.689489 0.081083
9.712919 0.080620
9.742593 0.079701
9.762561 0.079245
9.779229 0.079245
9.795895 0.078793
9.816018 0.078342
9.83549 0.077895
9.856232 0.077449
9.875381 0.077007
9.908533 0.076129
9.929433 0.075694
9.947596 0.075262
9.967021 0.074832
9.986414 0.074404
10.00533 0.073979
10.02694 0.073556
10.06236 0.072718
10.08022 0.072302
10.09981 0.072302
10.11994 0.071889
10.13766 0.071478
10.16216 0.070663
10.1839 0.070259
10.21892 0.069858
10.23976 0.069458
10.25887 0.069061
10.28309 0.068253
10.30552 0.067884
10.32688 0.067476
10.34839 0.067110
10.38484 0.066345
10.40503 0.065946
10.42519 0.065588
10.44693 0.065195
10.46762 0.064841
10.4857 0.064452
10.50647 0.064101
10.54118 0.063371
10.56377 0.062992
10.58241 0.062648
10.59907 0.062648
10.62057 0.061934
10.6377 0.061934
10.66447 0.061228
10.69865 0.060862
10.71859 0.060529
10.73542 0.060169
10.7539 0.059839
10.78043 0.059156
10.79788 0.059156
10.81775 0.058805
10.85967 0.058134
10.88352 0.057471
10.90452 0.057155
10.9249 0.056816
10.94629 0.056503
10.96441 0.056168
10.98667 0.055859
11.02166 0.055222
11.0418 0.054895
11.0643 0.054592
11.08508 0.054269
11.10506 0.053969
11.13186 0.053650
11.15251 0.053354
11.19333 0.052745
11.21598 0.052433
11.23594 0.052143
11.25819 0.051835
11.28371 0.051244
11.30751 0.050960
11.34865 0.050379
11.36992 0.050082
11.3878 0.049804
11.40814 0.049226
11.43048 0.048671
11.44811 0.048107
11.47027 0.047565
11.5109 0.046483
11.53044 0.045945
11.55339 0.045426
11.57236 0.044901
11.59664 0.044393
11.61637 0.043880
11.6353 0.043384
11.67481 0.042398
11.69699 0.041908
11.71703 0.041434
11.73533 0.040955
11.75487 0.040492
11.77578 0.040024
11.79776 0.039571
11.83273 0.038671
11.86048 0.037792
11.88416 0.037356
11.90473 0.036933
11.92561 0.036507
11.94812 0.036093
11.98365 0.035272
12.00233 0.034866
12.02024 0.034470
12.03967 0.034470
12.0665 0.033676
12.09209 0.033301
12.11653 0.032918
12.15689 0.032172
12.1861 0.031432
12.20739 0.031081
12.22846 0.030723
12.25265 0.030366
12.27681 0.030026
12.31955 0.029337
12.35184 0.028675
12.37252 0.028342
12.39316 0.028024
12.41729 0.027702
12.43924 0.027381
12.47394 0.026762
12.49435 0.026453
12.51849 0.026155
12.53908 0.025855
12.56021 0.025268
12.5851 0.024978
12.60606 0.024689
12.64373 0.024130
12.6604 0.023852
12.68101 0.023583
12.70281 0.023312
12.72073 0.023043
12.7374 0.023043
12.76354 0.022521
12.79861 0.022261
12.81739 0.022003
12.83572 0.021758
12.8554 0.021508
12.87257 0.021260
12.88924 0.021014
12.90591 0.020779
12.92396 0.020541
12.95556 0.020304
12.97347 0.020069
12.99136 0.019844
13.0113 0.019617
13.03531 0.019391
13.05425 0.019167
13.0745 0.018951
13.11193 0.018518
13.13229 0.018305
13.15323 0.018099
13.17168 0.017891
13.192 0.017685
13.20976 0.017481
13.23294 0.017285
13.26516 0.016890
13.28749 0.016695
13.30617 0.016502
13.3248 0.016318
13.34299 0.016131
13.36614 0.000000